0.000000000000000000e+00 -4.999999999999893419e-02
4.999999999999982236e-02 0.000000000000000000e+00
1.000000000000000888e-01 5.000000000000071054e-02
1.499999999999999112e-01 5.000000000000071054e-02
2.000000000000001776e-01 5.000000000000071054e-02
2.500000000000000000e-01 5.000000000000071054e-02
2.999999999999998224e-01 5.000000000000071054e-02
3.499999999999996447e-01 5.000000000000071054e-02
4.000000000000003553e-01 0.000000000000000000e+00
4.500000000000001776e-01 0.000000000000000000e+00
5.000000000000000000e-01 -4.999999999999893419e-02
5.499999999999998224e-01 -9.999999999999964473e-02
5.999999999999996447e-01 -1.499999999999985789e-01
6.500000000000003553e-01 -1.999999999999992895e-01
7.000000000000001776e-01 -2.500000000000000000e-01
7.500000000000000000e-01 -2.999999999999989342e-01
7.999999999999998224e-01 -2.999999999999989342e-01
8.499999999999996447e-01 -3.499999999999996447e-01
9.000000000000003553e-01 -3.499999999999996447e-01
9.500000000000001776e-01 -3.499999999999996447e-01
1.000000000000000000e+00 -3.999999999999994671e-01
