9.500000000000001776e-01 -5.499999999999989342e-01
1.000000000000000000e+00 -5.499999999999989342e-01
1.049999999999999822e+00 -5.499999999999989342e-01
1.100000000000000533e+00 -5.499999999999989342e-01
1.150000000000000355e+00 -5.499999999999989342e-01
1.200000000000000178e+00 -5.499999999999989342e-01
1.250000000000000000e+00 -5.499999999999989342e-01
1.299999999999999822e+00 -5.499999999999989342e-01
1.350000000000000533e+00 -5.499999999999989342e-01
1.400000000000000355e+00 -5.499999999999989342e-01
1.450000000000000178e+00 -5.499999999999989342e-01
1.500000000000000000e+00 -5.499999999999989342e-01
1.549999999999999822e+00 -5.499999999999989342e-01
1.600000000000000533e+00 -5.499999999999989342e-01
1.650000000000000355e+00 -5.499999999999989342e-01
1.700000000000000178e+00 -5.499999999999989342e-01
1.750000000000000000e+00 -5.499999999999989342e-01
1.799999999999999822e+00 -5.499999999999989342e-01
1.850000000000000533e+00 -5.499999999999989342e-01
1.900000000000000355e+00 -5.499999999999989342e-01
1.950000000000000178e+00 -5.499999999999989342e-01
2.000000000000000000e+00 -4.999999999999991118e-01
2.049999999999999822e+00 -4.499999999999992895e-01
2.100000000000000533e+00 -4.499999999999992895e-01
2.150000000000000355e+00 -3.999999999999994671e-01
2.200000000000000178e+00 -3.999999999999994671e-01
2.250000000000000000e+00 -3.999999999999994671e-01
2.299999999999999822e+00 -3.999999999999994671e-01
2.350000000000000533e+00 -3.499999999999996447e-01
2.400000000000000355e+00 -3.499999999999996447e-01
2.450000000000000178e+00 -3.499999999999996447e-01
2.500000000000000000e+00 -2.999999999999989342e-01
2.549999999999999822e+00 -2.999999999999989342e-01
2.600000000000000533e+00 -2.500000000000000000e-01
2.650000000000000355e+00 -2.500000000000000000e-01
2.700000000000000178e+00 -2.500000000000000000e-01
2.750000000000000000e+00 -2.500000000000000000e-01
2.799999999999999822e+00 -2.500000000000000000e-01
2.850000000000000533e+00 -2.999999999999989342e-01
2.900000000000000355e+00 -2.999999999999989342e-01
2.950000000000000178e+00 -3.499999999999996447e-01
3.000000000000000000e+00 -3.999999999999994671e-01
3.049999999999999822e+00 -4.499999999999992895e-01
3.100000000000000533e+00 -4.999999999999991118e-01
3.150000000000000355e+00 -5.499999999999989342e-01
3.200000000000000178e+00 -5.999999999999996447e-01
3.250000000000000000e+00 -6.499999999999994671e-01
3.299999999999999822e+00 -6.999999999999992895e-01
3.350000000000000533e+00 -7.499999999999991118e-01
3.400000000000000355e+00 -7.999999999999989342e-01
3.450000000000000178e+00 -8.499999999999996447e-01
3.500000000000000000e+00 -8.999999999999994671e-01
3.549999999999999822e+00 -8.999999999999994671e-01
3.600000000000000533e+00 -8.999999999999994671e-01
3.650000000000000355e+00 -8.999999999999994671e-01
3.700000000000000178e+00 -8.999999999999994671e-01
3.750000000000000000e+00 -8.999999999999994671e-01
3.799999999999999822e+00 -8.999999999999994671e-01
3.850000000000000533e+00 -9.499999999999992895e-01
3.900000000000000355e+00 -9.499999999999992895e-01
3.950000000000000178e+00 -9.999999999999991118e-01
4.000000000000000000e+00 -1.049999999999998934e+00
4.049999999999999822e+00 -1.049999999999998934e+00
4.100000000000000533e+00 -1.099999999999999645e+00
4.150000000000000355e+00 -1.099999999999999645e+00
4.200000000000000178e+00 -1.149999999999999467e+00
4.250000000000000000e+00 -1.149999999999999467e+00
4.299999999999999822e+00 -1.199999999999999289e+00
4.350000000000000533e+00 -1.249999999999999112e+00
4.399999999999999467e+00 -1.299999999999998934e+00
4.450000000000000178e+00 -1.349999999999999645e+00
4.500000000000000888e+00 -1.399999999999999467e+00
4.549999999999999822e+00 -1.449999999999999289e+00
4.549999999999999822e+00 -1.499999999999999112e+00
4.600000000000000533e+00 -1.549999999999998934e+00
